,num,bayopt_mean_ei,bayopt_sd_ei,bayopt_mean_pi,bayopt_sd_pi,bayopt_mean_ucb,bayopt_sd_ucb,simplex_mean,simplex_sd
0,5,0.9928097228733246,0.01823821214586925,0.9885825560435031,0.024061431737223287,0.9670693763472191,0.029330305949907546,0.8167926687510793,0.17570885500632755
1,6,1.0023304576383376,0.020405317932553974,0.9992699886047471,0.01977671997200689,0.9807976110129926,0.01891318091756909,0.8299986438724971,0.16747358922371758
2,7,1.0104797821954654,0.02008954766025384,1.0057927670372921,0.02025484324605054,0.9927418840180021,0.0192090587340224,0.8433360323518619,0.15447050937499493
3,8,1.0138708825555123,0.019746334590785806,1.0110224272504598,0.017237548608976336,0.9976107130239167,0.017922948674434617,0.8579311648400261,0.14473356595220585
4,9,1.0169296004932218,0.01790885640399566,1.0155602529753727,0.019335977565653632,1.0047210757609022,0.016711221849433265,0.8694619311060946,0.1379941895994263
5,10,1.0188467148675617,0.01675974384373154,1.0172560424658301,0.018524360666291623,1.0061174939029462,0.01591851168552433,0.8783357316079345,0.12930613543051533
6,11,1.020194210208569,0.015855174297886975,1.0189963595678357,0.0181494571821493,1.009162794236086,0.015738404617735176,0.8868359526319136,0.12105237970386876
7,12,1.0208109079890348,0.015956712080879468,1.0216109647204252,0.016321587543987878,1.0126659394666881,0.015835749128462393,0.8941668389725571,0.11845227759355324
8,13,1.0230495210280608,0.015531599033760293,1.0225984605546747,0.015593455672991165,1.016222369246028,0.01464062494429403,0.9059939078013595,0.1072928578662329
9,14,1.0243558407198876,0.015566292455817428,1.0235772774140033,0.01506388207641067,1.017725172563222,0.015004292749186013,0.9137502764455543,0.10457168104782996
