,num,bayopt_mean_ei,bayopt_sd_ei,bayopt_mean_pi,bayopt_sd_pi,bayopt_mean_ucb,bayopt_sd_ucb,simplex_mean,simplex_sd
0,33,0.9502566262505171,0.04101854914588109,0.9652415804549641,0.0314702110203542,0.957373602393817,0.03654934586538751,0.8208333316223644,0.12399805960299554
1,34,0.9664441568837546,0.035387688678440665,0.9728811023302565,0.030033962505667745,0.9638057515489703,0.033232299329163245,0.8231469556558292,0.12204463971551051
2,35,0.9737279559384369,0.0325509950211365,0.9758668740962626,0.030631941665681853,0.9662233887808498,0.033512760014368835,0.825610646610861,0.12082364029319627
3,36,0.9761212249942861,0.03226893142658172,0.977811958691445,0.03182240744277893,0.9685782624720293,0.03493647757029656,0.8267038368997912,0.11996768710758411
4,37,0.9817189448857294,0.027877833657284867,0.978806985389688,0.03225190930218746,0.9695063833839228,0.0349838803466402,0.8279374343823843,0.11931573773275929
5,38,0.984486748464409,0.02639527642500619,0.979703499575814,0.03199347317661739,0.9713857798768699,0.033125687079092817,0.832009599594019,0.11563269614671531
6,39,0.9869898174965489,0.02422053699421031,0.9809176772077788,0.03152627297867542,0.9723320834708271,0.03325455800127946,0.8329758964916061,0.11562619484971352
7,40,0.9905321259694554,0.024257228120342682,0.9820455981417385,0.03173042987535116,0.9727587480849479,0.033655859614543496,0.835127224604648,0.11287712392469802
8,41,0.992521149761459,0.023726052569626843,0.9823204383190519,0.03195688876172965,0.9735758822159574,0.03323143155479021,0.8377983867233909,0.11134882813463669
9,42,0.9938654400155863,0.024314009949479905,0.9830721869893538,0.03144615552288969,0.9742965229380034,0.032777883885157504,0.839261068459164,0.11143700718266389
