,num,ccd_best
0,25,0.9793222126502387
1,25,0.9756667565681039
2,25,1.0022400533298434
3,25,1.0056109780750027
4,25,1.0016813820725332
5,25,0.9871465679841384
6,25,0.9975117355002183
7,25,1.0005346360786063
8,25,0.9542188661941015
9,25,0.9780040022182355
10,25,1.0116646249829897
11,25,1.002438055178353
12,25,0.9786698961862397
13,25,1.0181885031591573
14,25,0.9747716988373542
15,25,0.9999935702769656
16,25,0.986011624521651
17,25,1.0435598305672804
18,25,0.9901541495097252
19,25,0.9982111856476893
20,25,1.0071361641715297
21,25,0.9849143060365264
22,25,0.9877463529362213
23,25,0.9631518424389737
24,25,1.0215440506797775
25,25,0.9719799404676146
26,25,0.9926247699534022
27,25,0.9663555286303463
28,25,1.028130561350381
29,25,0.9692480156912857
30,25,1.0057680095580444
31,25,0.9655823785782375
32,25,0.9941396067196105
33,25,0.9708826984485404
34,25,0.9980871732654014
35,25,0.9814674836054225
36,25,1.0065219084963806
37,25,0.9927318432679848
38,25,0.9764550098323034
39,25,0.960680874497357
40,25,1.0112197638798288
41,25,1.0255905721897853
42,25,0.9796716626425664
43,25,1.045293528147826
44,25,0.9675507636271201
45,25,0.9985171138603172
46,25,0.9932950357393141
47,25,1.0047220574382363
48,25,0.9945076987118348
49,25,1.0109010642156415
