,bayopt_best_ei,bayopt_best_pi,bayopt_best_ucb,simplex_best
0,0.9924346906084924,0.9746706200286716,1.0404444274524252,0.8549752478938341
1,1.0076424012843894,1.0176500807235205,0.9888872766064276,0.8128774437890656
2,1.0309716432812768,1.0123318255564413,1.0385444220124658,0.6240011982160071
3,1.0688412625428156,1.0318253070368428,1.020642383665764,0.6374612971419616
4,1.0153431212024269,1.0251428311266497,1.0245156860610072,0.7280163615459554
5,1.0148556184188342,1.0169094192570212,1.0168083498555958,0.6590293422271366
6,1.0310485390363302,1.0430490785522721,1.0437904678884333,0.7487798284378243
7,1.0361796607127705,1.0214755955715484,1.0038618702356528,0.8236351817538932
8,1.022914156982767,1.0158016818826752,1.0260085424451144,0.8859355286550896
9,1.0278340001759785,1.0197522036378264,1.0188505054414791,0.7674723045705798
10,0.9998474796738508,1.0410514710085865,1.0132687176285873,0.5963908209485398
11,1.007836187659006,0.9988191563221976,1.0291517302752757,0.8513280150161113
12,0.9948119167002616,1.0255650844712216,1.02667045155674,0.656411815076252
13,1.013617362731254,1.0061486189996007,1.0337773664883154,0.9186458563361962
14,1.036802959864369,1.0310935505296732,1.024508436311971,0.9340021191480699
15,1.0311450441162062,1.0157917292192584,1.0141556353187708,0.9032665177595977
16,1.024308662685695,1.0429182065937166,1.0124089624735786,0.9084957609935247
17,1.0258502741433282,1.0187606623748284,1.0104559555037287,0.5945758702775071
18,1.0166278375685949,1.0350891731760328,1.0386184835621537,0.9418364345848652
19,1.0224353093903629,1.0140296496512753,1.0381703294311395,0.6570068055076479
20,1.001479528902558,1.0253685719079129,0.9751645499982569,0.632720064470737
21,1.0233723518660196,1.012105011150593,1.0419800001350021,0.6873216988099474
22,0.9597431783752698,0.9877555738450885,0.9883344279559275,0.9988731057211139
23,1.0184127993093979,1.0255417292125373,1.0339954864762144,0.7349375338626524
24,0.9891151361572642,1.0130118931675143,0.9954065803572996,0.9351379110270978
25,1.0154622004329694,1.0292731764192788,1.0010524741004903,0.6359709672526609
26,0.9688424793036583,1.0092166535979028,0.9969893623857892,0.6750019788073536
27,1.029232202412687,1.0306894591267142,1.0316359801618578,0.7925404359162311
28,1.0229743160217055,1.0439231671230413,1.0328020774022943,0.931990102445306
29,1.0394960657173917,1.047221278396752,1.0164491136193705,0.6645449574716693
30,1.0280301034978876,1.06519523162682,1.012557958404334,0.7712949297756566
31,1.0166042508551643,1.013849813332543,1.0304488341275515,0.965859979806895
32,1.0079488245101433,1.0203588759754323,0.9967080972405524,0.8846270986858575
33,1.0058793687117138,0.9908670175456311,1.0126928772713826,0.8724746019111537
34,1.0257429031343168,1.0343087599115164,1.0363589977350942,0.9875634104388322
35,0.9883282291354679,0.995938101863347,1.0073467150999162,0.9198614419545144
36,1.0328482885988228,1.004490671313981,1.038556740999639,0.7776700234118622
37,1.0277421102434154,1.044732991504552,0.9799333622810253,0.8728214051075951
38,1.0149634332983777,0.9861415129843737,0.9968305535705368,0.8418471029053726
39,1.0301031307264747,1.0101037075528305,1.0166815308039125,0.8282959735156575
40,1.0083880620421648,1.0309240908215522,1.012091266063669,0.457907591457738
41,1.041698299595187,1.0298040477410373,1.0299287794077623,0.8899876617454224
42,1.0187776101476513,1.027370623634062,0.990084882705687,0.9357031209918644
43,1.023105377816081,1.0053524696728515,1.0202758897381023,0.7950372357275429
44,1.0241418144284389,1.0014929171033027,1.008776985290795,0.8334878869688144
45,1.0175437042846753,1.0081340435805155,1.026435546527456,0.7972613555890861
46,1.0428292981970226,1.026240856462307,1.0183476947558119,0.9926295900281978
47,1.0255976394292081,1.0394081648972369,1.0188352737810178,0.9259618705110314
48,1.0274441147342805,1.0109399816268383,0.9998014585050196,1.035961831665078
49,1.0193617753239754,1.0328737625943858,1.0336920708467465,0.946823059808263
