,num,ccd_best
0,11,0.9729801950294557
1,11,0.9752217415729179
2,11,1.0579661696335296
3,11,0.9561191649840868
4,11,0.987763208395989
5,11,0.982758722467002
6,11,0.9913471900355396
7,11,1.0057110358216905
8,11,1.0049433457513326
9,11,1.0023968037080153
10,11,0.9574850412661212
11,11,0.9993298596241259
12,11,1.0154213710087725
13,11,0.9973515466714223
14,11,0.9816338413988448
15,11,0.9409775831175222
16,11,0.996420868295529
17,11,0.9901481127087736
18,11,1.0304244416828354
19,11,1.0107124306876654
20,11,1.0437692720608716
21,11,0.9929863398824573
22,11,0.9958348993245303
23,11,0.9382294853715083
24,11,0.9691018227564322
25,11,0.963070022970648
26,11,0.9767464638692512
27,11,1.009755477338076
28,11,1.00143160159594
29,11,0.9865898513500195
30,11,1.003766572689975
31,11,0.9550945565055907
32,11,0.9727673874309652
33,11,1.0110863439551592
34,11,1.0168850883906908
35,11,1.0004980088976856
36,11,1.0073374913770612
37,11,1.0124624409702083
38,11,0.9614635733330704
39,11,0.9788177154291271
40,11,0.9673638800330425
41,11,0.9780007776244428
42,11,1.0146181958698568
43,11,0.9754259865920796
44,11,1.0120297870263946
45,11,0.9837151008899099
46,11,1.0107451062825599
47,11,1.009604204318297
48,11,0.9598734365513542
49,11,0.9973912335918551
