,bayopt_best_ei,bayopt_best_pi,bayopt_best_ucb,simplex_best
0,0.999640283896135,0.9896846069993002,0.9965099764520198,0.9738758840595626
1,1.012333511355465,0.9911399317222012,1.0187790449594798,0.766521055657434
2,1.008090439790609,1.0080931077214714,0.9787485732246884,0.9318418661384085
3,1.045208776724117,1.0014242165398737,1.0169158088812273,0.6804087078637273
4,1.0101874355166804,1.0265821742251102,1.015339783271071,0.9613308466015353
5,1.032067520066791,0.998506157370494,1.0042234916912829,0.827603281041503
6,1.0174551206547597,0.9650665562775991,0.9800014715945028,0.8744620245702791
7,0.9967672450829709,0.9935240106124548,0.9984250763994903,0.7653923969791855
8,1.0162514616894773,0.9980318768418573,0.9820219264280261,0.8941169520121719
9,1.0047844382129008,1.0123330072151082,1.011794399599445,0.7485447831802157
10,0.9558628845632907,0.9751594346940831,0.9791785443065772,0.8440145161975416
11,0.9945712574560707,0.9804368554311707,1.0118156480585816,0.801453062578709
12,1.00842600166375,1.0018934213924067,0.9733131751168902,0.9192208740641861
13,1.029170832000607,1.0326392774267752,1.0180573076864832,0.9553103593068861
14,1.0144019831183184,1.0065848093356702,1.004930250983754,0.9977115961556963
15,1.0213952574543301,1.015545242482126,1.0088972398639362,0.7590143573754494
16,0.9886907334025625,0.9974745836588359,1.0209533676664517,0.6718154313997192
17,1.0113741644215046,1.0191059199172956,0.9970122271479344,0.8724747971933355
18,1.0118003365855126,1.016559935923572,1.037147503470545,0.5264811517073534
19,0.9659919053865644,0.9711849035494456,0.9706020283563909,0.9622823281012235
20,1.028204322407552,1.0201912964970383,1.0341572869704279,0.8480940602518336
21,1.0190511070504218,1.036476639982095,0.9957587270629675,0.7189350111742745
22,0.9947563720265719,0.9595948310345682,0.9678601174136807,0.9764115549700053
23,1.0542091567279381,1.0160741834564126,1.014423783603011,0.9214579098348056
24,1.030230103990691,1.0121404444518058,1.0299779257638413,0.742568496791471
25,1.0201237344284755,1.0196290962431724,1.0101507609381972,0.89891056061368
26,0.9762762434433437,0.9958666766763046,0.9870846716093455,0.531631344129982
27,0.9988099992699103,0.9858944426119328,1.0559970833288577,0.8533195679747364
28,0.9839737079178181,1.0114772699008516,0.9711442033068547,0.9163376013834261
29,0.9928781941855083,0.9857324755404742,0.9959951925192815,0.6557113111676619
30,0.9925695448660753,1.018851818797022,1.015054848551122,0.7769822583178474
31,0.9818568414124998,0.9919044670260332,0.996113907956519,0.8727058164508115
32,0.9703140321095783,0.9470986379162151,1.0279134159617966,0.8706115587714728
33,1.034958941186669,1.0167097127081521,1.0280956886545318,0.9129777452470856
34,0.9960180792293164,1.0072577859852996,0.985524203331957,0.4865123967294346
35,1.005968434372364,1.006824792656356,1.0059691335073462,0.9650107930936735
36,0.9788654861366897,0.9926574254327554,0.9941167643300721,0.7820901910496154
37,1.0003169487882657,0.9993917293199247,1.0012546401222253,0.8787619212587957
38,1.0178547039128616,1.0213749452630927,1.0043033322921606,1.0293004765564255
39,1.032644806803656,1.0241297016319333,1.0039617343547313,0.9225494550761305
40,1.0179700106944793,1.0235387854149933,0.995965112402242,0.9607373390019106
41,1.0420370526954563,1.0225521939186684,1.015230960431898,0.7519207284391259
42,0.9610035919348475,0.9554926701835985,0.9849644754422933,0.9371065193310824
43,0.9932482780495002,1.0066658813539149,0.9854886791211821,0.9803752915858372
44,1.0502250000010922,1.028576246723962,1.0186662108724385,0.9706957839025425
45,1.0128904453996281,1.02168228220903,1.0104740519508897,0.5505418836500673
46,1.0212513197889155,1.0255926781337799,1.009201234168283,0.5804681634260461
47,1.0310243488030784,1.0451313323943685,1.0516021553060642,0.7785290463690345
48,1.0350652025342015,1.0211233796231742,0.9965391758318237,0.7337500528265163
49,1.0221678838750128,0.9996475487184643,1.0126988124696508,0.7858956334174787
