,num,bayopt_mean_ei,bayopt_sd_ei,bayopt_mean_pi,bayopt_sd_pi,bayopt_mean_ucb,bayopt_sd_ucb,simplex_mean,simplex_sd
0,9,0.98540935722183,0.02156638830716902,0.9872537169071084,0.02686723035389065,0.9752856533422225,0.029770257046470606,0.7375747044774674,0.15848199801191462
1,10,0.9966960651342714,0.02006455475651794,0.9976561922952394,0.021871135954100514,0.9857137091775243,0.024560539696566644,0.748376109078136,0.14961391180726927
2,11,1.0028958560177927,0.019283454771484954,1.0027373065652512,0.020129316641610447,0.995310947683869,0.023427184235213627,0.7561288329827325,0.1489144798238541
3,12,1.0072989271745802,0.017086875577728332,1.0048570335070983,0.02039505428132119,0.9995400933764772,0.02170572653348877,0.7662463044366079,0.14451433322417165
4,13,1.0099673792192618,0.016480651020743173,1.009732736526449,0.017871691466201316,1.0057681018862659,0.02231384026057204,0.7743344682601371,0.14282848016971436
5,14,1.012284880512513,0.01641209586870955,1.0114919310811854,0.018515708630548126,1.0078834511540218,0.02080482667136592,0.7840861973916314,0.13869586790812177
6,15,1.013242414800078,0.016683344972207775,1.013907069604152,0.017973604018872595,1.011772018527641,0.02070915265915409,0.7904775175178385,0.13810006174241127
7,16,1.0152374087510119,0.016142111276034987,1.0155697968420332,0.018240146993502335,1.0128788204930397,0.01988308714641276,0.7972251719191733,0.13485853744816675
8,17,1.0172121811352504,0.01785360856792643,1.0172670892576914,0.016162207843098356,1.0159919092586498,0.017067039921189048,0.8048309529943118,0.1304189017411033
9,18,1.0183311345197676,0.018219728979578406,1.0202102020282462,0.01741854199658868,1.0172747113592628,0.017030931062062455,0.8105251935534169,0.13025311782513363
