,bayopt_mean,bayopt_sd,simplex_mean,simplex_sd
0,0.9450282922747416,0.046685187250842974,0.747301784750521,0.12620560519105617
1,0.9632990654246558,0.03193076247027436,0.7558541046519811,0.12251581518783425
2,0.9681780474982211,0.027056661881583757,0.7608666950134156,0.12203816845658957
3,0.9726050288453808,0.023051741526234484,0.7644476623843833,0.12095764944226459
4,0.9758215804620332,0.023068927316470644,0.770197506477179,0.11791114725987796
5,0.9769451238845406,0.023122855082365855,0.7759593691885212,0.11735724563851788
6,0.9787027826312898,0.02241908274561886,0.7792539040083661,0.11552037613366574
7,0.9794659278487877,0.022184025353362453,0.7822723597469828,0.11470755462023621
8,0.9817342203970563,0.01973854885935165,0.7875588690730246,0.11390111581341486
9,0.9822148889892814,0.01963051323274653,0.7908577921920135,0.11251450101228536
