,num,bayopt_mean_ei,bayopt_sd_ei,bayopt_mean_pi,bayopt_sd_pi,bayopt_mean_ucb,bayopt_sd_ucb,simplex_mean,simplex_sd
0,17,0.9919052927394368,0.025283699050189807,0.9844143661317355,0.02379753757371123,0.9776553190827069,0.029586135618248036,0.7950383843022596,0.15364554840206265
1,18,0.9981706472829507,0.02205750812111515,0.9907099731490416,0.02056974454475934,0.9851054340036121,0.024797657819780074,0.8001380427608764,0.15150094218743984
2,19,1.0014760062435426,0.021888321636508213,0.9944003044338132,0.01886705182117746,0.989548736979807,0.02351458303507945,0.8037731275040012,0.14787403251729409
3,20,1.0036175694802503,0.020850586916423802,0.9988261599802019,0.019137304869939975,0.9915369319038031,0.02225195828833574,0.8075244750162419,0.14476036627380168
4,21,1.004421308560943,0.02131468591288724,1.0000058651313077,0.01920708534204466,0.9969873811790732,0.02414630106737364,0.8114451427857218,0.14440342412628385
5,22,1.0050108656579868,0.021674978605092262,1.0011686338100771,0.02020332691139663,0.9984731793396054,0.023229043700172126,0.8128271719760353,0.14433353292255738
6,23,1.006982763102978,0.02325109582848392,1.0022317029471857,0.020386956405507493,1.0008495121699246,0.02125673481255974,0.8165342136648248,0.13869551825195778
7,24,1.0076143926848735,0.022929020182689063,1.00344849176174,0.020277088464969235,1.0023756280764218,0.02007275406058745,0.8194551358990041,0.13583409947557656
8,25,1.0080553459534034,0.023023646378560945,1.0038768409240546,0.020796136484622064,1.0034003410061048,0.01972623285672723,0.8230092473616996,0.1350397106709212
9,26,1.0088247096616965,0.022532451578067717,1.0044050280228447,0.021050624824291205,1.0046071026946894,0.019664396615077708,0.8264955348995388,0.134252742726491
