,bayopt_mean,bayopt_sd,simplex_mean,simplex_sd
0,0.9032563780726935,0.1261298993180205,0.7684315355251897,0.34192510030200723
1,0.9052447275272917,0.1262825571046604,0.805153643520159,0.30580598946967796
2,0.973214132935422,0.052931397437503296,0.8140868913444381,0.30880805764081115
3,0.9746373729248484,0.053315162697611156,0.8486634108446657,0.2639387857030417
4,1.0062648043435332,0.01460468016795479,0.8591348932450069,0.2581202765014018
5,1.0063941095578701,0.014414326377697921,0.9057371033573117,0.17256626091589813
6,1.00965207038896,0.010617724257234484,0.909960402902203,0.17411199040749561
7,1.00965207038896,0.010617724257234484,0.9521077909256631,0.09758659711682659
8,1.0107743051808662,0.009799888488523348,0.9532751544548596,0.09527085559937887
9,1.0107743051808662,0.009799888488523348,0.9866284101541043,0.030361202706474643
