,num,ccd_best
0,16,0.9824352543891408
1,16,1.0171885197134691
2,16,0.9944004905351398
3,16,0.9768795120427871
4,16,1.0049512403612029
5,16,1.0252297372045647
6,16,0.9716911513902908
7,16,0.9852527857341631
8,16,1.0114194437229294
9,16,0.9886455878244476
10,16,0.9724854707640115
11,16,0.9902751470158683
12,16,0.9968891986607041
13,16,0.9981899050319812
14,16,1.0327741845216596
15,16,0.9605377458462289
16,16,1.0168875611956616
17,16,1.0042924834701048
18,16,0.979602514355835
19,16,1.005170122406935
20,16,1.0120423696205618
21,16,1.0456304296554413
22,16,0.9833307525755287
23,16,0.9853496775834281
24,16,1.0444644121610738
25,16,0.9902882119605326
26,16,0.9710461653412145
27,16,0.9849941116212351
28,16,1.0292980599790744
29,16,0.9886247563133423
30,16,0.9832938660333904
31,16,0.9728456822139082
32,16,1.0171449159395212
33,16,0.9982672056659736
34,16,0.9770452387986683
35,16,0.979230262748268
36,16,0.97993671713458
37,16,1.0182791651004657
38,16,0.9734319141486858
39,16,1.0282286460522443
40,16,1.0071493845088246
41,16,0.9872585302655159
42,16,0.9778496542269706
43,16,1.0092232965440213
44,16,0.9886277631259147
45,16,1.0175159590460068
46,16,1.0242676330015825
47,16,1.0066080251750416
48,16,0.975668788289214
49,16,0.9841536856190429
