,bayopt_best_ei,bayopt_best_pi,bayopt_best_ucb,simplex_best
0,0.9441882959291609,0.9132335728250385,0.9188596647288715,0.7867769540878103
1,0.9986893214103663,0.9817165515493154,0.9827645053564499,0.8740333792779958
2,1.00726962810264,1.0054144632033,1.011599595160308,0.8666063618076725
3,1.0265469000997784,1.0298323743434623,1.0055052351533569,0.9534386109628009
4,0.922896518296224,0.9364878060790873,0.9180225751817092,1.0281688939855602
5,0.9903217961145835,1.008224372636997,0.9836752814005755,0.7863803981692481
6,0.9752339448646725,0.9456116146415117,0.931618149740737,0.9231903062402241
7,1.0212891187751905,1.0170736588307896,0.9866179226547795,0.9044141508848806
8,1.0009189732449304,1.0099135768425342,0.9902158609107458,0.8877215222701972
9,1.0154418688906541,1.0050020446514525,1.0122865768088332,0.8405050221611037
10,0.9958477024111752,0.984264071586172,0.9361521792108557,0.8434737895751656
11,0.9618895427310927,0.9758888042671665,0.9431152921180339,0.6670077864490506
12,0.9691867077510574,0.949208775687193,0.9501131294606735,0.9172697900241336
13,1.0053146289185568,1.0060075672797817,1.0208358691185637,0.715865146530971
14,0.987382132308175,0.9785065314165357,0.9525408676446657,0.6861025353186686
15,1.0056288660580714,0.9958143268201687,0.984961808711333,0.9183527966814848
16,0.9796972253650599,0.9354132142314362,0.9325373411846003,0.8797436712923632
17,0.9561324597650237,0.9790831699174614,0.9496997652682623,0.9801637143830739
18,0.9771245972304324,0.940711132550631,0.9700905348771947,0.9176288008607025
19,0.9378476642149698,0.9392542515982096,0.931070326770088,0.737691973172055
20,1.0090678646454676,0.9271637706966543,0.9393429907436763,0.602708044746244
21,0.9986832898605188,0.9919520752115503,1.0176489376802016,0.9558950286779772
22,1.0183544409082068,1.0165513207041075,1.009176945796833,0.7737937217582627
23,1.0218573366800252,0.9215661203893684,0.9226277425668232,0.9981063193590174
24,1.020454024203205,1.031330388623046,1.0378633350577056,0.8736514421136404
25,0.9982042263774659,1.0187375994198622,0.991592388070226,0.96373862056119
26,0.9836448272143651,0.9861813776055779,0.9791447042559216,0.6937016922136198
27,0.9951350300636779,0.9760690112743104,0.9862634466047249,0.8857975777829992
28,1.0240974280383535,0.9946534623066221,0.9607204654650252,0.64612051264274
29,0.9653683021170252,0.9627064108883501,0.942785870568244,0.8751427729567757
30,1.0057702173289345,1.0227146577831612,1.016746758347899,0.6882526695878428
31,1.0460887421529264,1.0162733972001305,1.0018067066905512,0.5612993655641892
32,0.988566035069554,0.992756678195459,0.9574508167501714,0.9178923720567669
33,1.011808829981402,1.0286749507838782,1.0349959373673687,0.7770256701049328
34,0.9942183732933519,0.9774577391275577,0.9657162403055622,0.7933758403940736
35,1.0010785686559167,0.9888619581543615,0.9813386175275314,0.9430854016656267
36,1.0003120611745955,0.973205187469648,0.9642785461888729,0.7748319777316781
37,0.9635714513572864,0.9784904098676723,0.9587907659193727,0.8674285750974792
38,0.9886687410828848,1.0042286964938265,1.0027115457377427,0.8845138206300318
39,1.0010298569410039,0.9584601533958208,0.9799356726171908,0.8520264187133468
40,1.037655703195906,1.0219551530875468,1.0250722372741108,0.994946573384922
41,0.9912661164295036,0.9936540844086461,0.985653421445491,0.8228263540239898
42,0.9894389318936474,0.9814199941036685,0.9875583265232746,0.8830590089711516
43,1.0190699147144862,0.9904271262890117,0.96557858885189,0.778004468552876
44,0.9919885245465756,0.9498723308246292,0.9238817226191127,1.0241025503570234
45,0.985447745472622,0.9248222504796316,0.9138809601297393,0.6162308177574702
46,0.9657288562974183,0.9652409086752066,0.966568148718786,0.9028954957834553
47,0.9920392446145687,0.9848679672624534,0.9866834815179809,0.8665467604887033
48,0.9979005195913678,1.0151595096624482,0.9869549486165992,0.7681768313293592
49,1.0079089043952378,1.0214927781252356,1.0097733954808963,0.86334111381567
