,bayopt_best_ei,bayopt_best_pi,bayopt_best_ucb,simplex_best
0,1.020624482338508,1.0132529455320813,1.0028581244832435,0.7081756871717544
1,1.0225707650879245,1.041183098022747,1.008511808011922,0.7679622488578265
2,1.0466255595320864,1.0722408442706997,1.0602407268323821,1.031863084622364
3,1.0391763375021636,1.021065586167364,1.0219378853451508,1.0285405097790452
4,1.0212251887684547,1.036627980223897,1.0225021570909387,0.7914835635930713
5,1.046659567102269,1.0221071927504328,1.012517158229399,0.9625687601321159
6,1.041701592520246,1.0130259132374169,0.9975289093485109,0.99704760549745
7,1.0083242341178298,0.9914949760939655,0.9970874939129708,0.9423353030708095
8,1.0521213219742054,1.0398961415035315,1.0085292176862797,0.8671885055744142
9,1.01701083100981,1.0220183446155617,1.0131882021562075,0.9478209135597141
10,1.0150297538606547,1.0227556056610712,1.0098136661095138,0.9445150315359334
11,1.0086066129745275,1.0010582107591552,1.0002010411089055,0.7254505582797672
12,1.0448844652975464,1.0250755600239887,1.0348124463440944,0.8597895351893217
13,1.0158413732856648,1.021219595973704,1.006622424349801,0.9505836838688383
14,0.9865418874505899,1.0028734510811907,1.0227754303640009,0.9745380422377298
15,1.0111806857507024,1.0132462689270385,1.031487182039472,0.9921734586769292
16,0.9985387072370115,1.0148753322895911,1.0246377511702005,0.8301239881776014
17,1.019237311833399,1.0169545634708248,1.0208272877025875,0.9826641754580568
18,1.0102383236685155,1.01108560230098,1.018880279815456,0.8045242839224338
19,1.0204525054486138,1.031701399993955,1.041198943033758,0.96257398272555
20,1.0087743419151685,1.0072994523086711,1.044877942663928,0.9881978021911353
21,1.0249499490998217,1.028308207425703,1.0232129034268702,1.003613299429441
22,1.0467662030199687,1.0307104389272064,1.0225543598574225,1.0401123217970685
23,1.0207340629475483,1.033716362768188,1.0000596176043677,1.0257578112449437
24,0.9954894082703266,0.9978154685491307,1.030683330145317,0.9826022988130743
25,1.029996381258822,1.027470232959157,1.0025119699439744,0.9286193575047293
26,1.0383435239545291,1.0321277486202174,1.0140584062229931,0.7038998282769355
27,1.0177536849843483,1.0442951437461327,1.0143367921797168,0.6439527027708658
28,1.0286049757079194,1.0138519133514936,1.0186705483567566,0.9851293514704494
29,1.0272065130077603,1.0197810210500318,1.0056951155011107,0.785332345704958
30,1.007163373792914,1.0178461981650042,1.018032843687822,0.7661896122215089
31,1.0142070031038615,1.023965311083356,1.0155039985648042,0.960890264579537
32,1.038364067823787,1.0082178628710536,1.044093448341683,0.7334615958717063
33,1.034809160056158,1.0369270786862421,0.9993560283285523,0.7811276896784172
34,1.0353326944819332,1.022526375468701,1.015741195128996,1.0124772994890106
35,1.0390168395587647,1.0178259346942131,1.0246450923461,1.010417132542984
36,1.0167204206678422,1.0331040888652634,1.02122623178939,1.0242826111962993
37,1.037015898220106,1.04357462290799,1.0193319807455405,0.945043906541724
38,1.0019066261815852,1.0052310101297044,0.9819463503158589,0.8110917892379846
39,1.0462176144254909,1.0225294297440668,1.0254329854999766,1.0271394297562058
40,1.0333288161347751,1.0421814597883543,1.0204569540191173,0.9940552193362292
41,1.0453219826246793,1.0534321812842795,1.0239451406342774,0.8698460315695254
42,1.0242230790371556,1.0325122607290464,1.0337712401955683,1.0181648894028659
43,1.0455074832669202,1.041049446806332,0.9984177587977643,0.9315518121261749
44,1.029241410865298,1.0222077036082353,1.0360371319868702,0.8856925982946905
45,0.9990359101077723,0.9959063804602714,1.0128397151021815,0.9925530821544089
46,1.0244572438593227,1.0173243199390882,1.0424702212035646,0.9648360869896578
47,1.0219252889488726,1.017593927686082,1.0115031867077362,0.9197853440434463
48,1.0064231214469386,1.0322242102420383,0.9908279810987525,0.9910902159510004
49,1.032363450463272,1.0235494649357064,1.0178600226292858,0.8886771701600146
