,num,ccd_best
0,42,1.0274572324972346
1,42,0.9650833566535588
2,42,0.9809765762630195
3,42,0.9760914934926762
4,42,0.9775760301357536
5,42,1.0008099733873297
6,42,0.9958401977080523
7,42,0.9999935251221479
8,42,1.0072439498521795
9,42,1.0048076168468851
10,42,0.9741107230793642
11,42,0.9727089567768813
12,42,1.0106316394399975
13,42,0.9918954442495175
14,42,0.9732111556974204
15,42,0.9906915016769061
16,42,0.9824119239844415
17,42,0.9709770219539483
18,42,0.9687536983918461
19,42,1.0347686581097983
20,42,0.9531668053536916
21,42,0.9888862917057111
22,42,0.9889578319768904
23,42,1.0171401388909822
24,42,0.9963450471742643
25,42,1.0011923496833859
26,42,0.9879927592535347
27,42,0.9812347334933398
28,42,1.0114331648749957
29,42,0.9309176999534202
30,42,0.9555049316497441
31,42,1.0312846946525505
32,42,0.9766608337419216
33,42,0.9781483453809837
34,42,1.0127440235010614
35,42,0.9702737136916266
36,42,0.973686705900272
37,42,0.9818806690640672
38,42,0.9541590784747235
39,42,0.9886296405492696
40,42,0.9654995887575124
41,42,0.9703893220054415
42,42,1.033170587374943
43,42,0.9972662450433615
44,42,1.0250159397057086
45,42,0.9451576409401652
46,42,0.986356644309217
47,42,0.9959829059561051
48,42,1.0018300663316462
49,42,0.9630718657922924
