,bayopt_mean,bayopt_sd,simplex_mean,simplex_sd
0,0.9743126618331809,0.03685221094102627,0.7168091956978586,0.15904916838159883
1,0.9855424691766755,0.018311765328242153,0.7286346239135281,0.15631326046532915
2,0.9870897713953058,0.018138480350423924,0.7356033340509357,0.1557294788191145
3,0.9889556543017999,0.018291282895673923,0.7429670811127249,0.15319948600702715
4,0.9896876417767723,0.018471714177901114,0.7477571855180802,0.14990459299846715
5,0.9902314888064765,0.018392714188891417,0.7530171330763583,0.14729154924770826
6,0.9907895791353991,0.018066318824925067,0.7596982987460267,0.14536340882073492
7,0.9910057352592719,0.018050933612960635,0.7647101969208311,0.14387215684850727
8,0.991275941812132,0.01808692455135655,0.7714678217283999,0.14019960615268126
9,0.9917029965629957,0.01775373908383606,0.7761987290246282,0.13962538167575947
