,bayopt_mean,bayopt_sd,simplex_mean,simplex_sd
0,0.9885139047023282,0.014516261018363664,0.7329346361123228,0.20251363324004773
1,0.9941655958605792,0.01448953734435508,0.7471479995593008,0.19847260831847757
2,0.9971922038122016,0.014906197786684302,0.7599299949866025,0.19271180383118186
3,0.9983168666387482,0.013817825785186344,0.769296116419627,0.18766332293599708
4,0.9985969588189164,0.013709083104867454,0.7773768253479989,0.18278322365218272
5,0.9997143789632762,0.012642995059796647,0.785716618305154,0.17699699134975116
6,1.0007095068833616,0.012344364609615369,0.7939815330332368,0.1751990738309828
7,1.001991115784388,0.012640918804388727,0.8036099493054586,0.1707845730660309
8,1.0029786858394871,0.012923910586092378,0.8123125452471099,0.16572999130865493
9,1.0036145222572717,0.012941640614144817,0.8207794574959282,0.1621106668900764
