,bayopt_mean,bayopt_sd,simplex_mean,simplex_sd
0,0.9885585251336404,0.016424544241277626,0.7402800694793027,0.21660858938877137
1,0.993833724970424,0.01418491674561209,0.768371689135202,0.20162252503918707
2,0.9979627258434445,0.012315663720272822,0.7867115409281673,0.19476197922565922
3,1.0005165953777913,0.012493319326213104,0.8058142734968794,0.18066273604271296
4,1.0018944069956666,0.01222078782995332,0.8215272821354204,0.17688691757459818
5,1.0026193528705598,0.011717585777286814,0.8394530977520402,0.16077014862024797
6,1.0044588525513527,0.011523403876256713,0.8524148762398365,0.1550919830033662
7,1.0064548327126004,0.011649212452387364,0.8684502808098873,0.1396583516433133
8,1.00706011648391,0.012339795587816662,0.8768859904769082,0.1372063109412349
9,1.0075708209362237,0.012415205146208527,0.8911395846406118,0.1262502434662989
