,bayopt_mean,bayopt_sd,simplex_mean,simplex_sd
0,0.8952310369298228,0.05489796951889268,0.7051903444904778,0.1256852194547667
1,0.9213288225159231,0.04252925496066228,0.713864985704504,0.12170859165067635
2,0.9404582506883543,0.03210940124587458,0.7191775611366229,0.122765566226461
3,0.9545612878580925,0.022923190660668412,0.7245320469729414,0.12201018400757015
4,0.9621558397357047,0.019689455188490707,0.726997920731161,0.12156449469417079
5,0.9649192496804436,0.018504301327626562,0.7288256929791808,0.1203286199580803
6,0.9670496411900946,0.018828464737264277,0.7316648868279441,0.12005810059985128
7,0.9692756247068799,0.016978645444147428,0.7334631689409129,0.11964109810520551
8,0.971517868860861,0.015586912274890487,0.7363397261330986,0.1184420984277665
9,0.974305382793212,0.015758812113448466,0.7400649725096177,0.11667545630043161
